7.228276735318699409e-01
5.194055696342716466e-01
5.232232701713463996e-01
5.884493755074599042e-01
5.014983190733850460e-01
4.952847101496366533e-01
8.205655302888378300e-01
4.908546670621903307e-01
3.046881457305283813e-01
3.953812426452918971e-01
4.267232290291211871e-01
7.140472045051241556e-01
1.339622616297287960e-01
5.145008625032693184e-01
1.878677847240754761e-02
5.665464417195911206e-01
1.906157678405000222e-01
8.139456805541755990e-02
1.570454862786359596e-01
7.782805209496983234e-02
