1.990209691838766282e-01
2.547815024100660297e-01
1.911687365126044647e-01
7.813380023677179986e-02
3.579298314827300542e-01
4.136102035040792879e-01
4.649917102133291347e-02
1.553010460796639680e-01
3.942205352658007533e-01
4.194222459388850521e-01
1.412192967328606552e-01
1.612571247714559841e-01
5.062429369755808706e-01
2.446779665911291979e-01
8.743092766732593057e-01
2.269540201285888403e-01
5.670079740279326819e-01
7.973658100472127419e-01
6.734757505216748541e-01
8.398751834811367667e-01
